OpenSans-Regular_msdf
96
96

-1 -1 -1 -1 8.3125
2.375000 7.546875 6.140625 30.843750 8.546875
2.078125 22.593750 10.750000 30.843750 12.828125
0.796875 8.000000 19.843750 30.843750 20.671875
2.046875 6.140625 16.187500 32.281250 18.296875
1.625000 7.687500 24.703125 31.171875 26.34375
1.765625 7.687500 23.296875 31.203125 23.359375
2.078125 22.593750 4.984375 30.843750 7.078125
1.281250 2.937500 8.515625 30.843750 9.46875
0.953125 2.937500 8.187500 30.843750 9.46875
1.343750 17.984375 16.218750 32.312500 17.65625
1.625000 11.546875 16.640625 27.046875 18.296875
0.984375 3.875000 5.703125 11.718750 7.84375
1.312500 15.390625 8.984375 17.765625 10.296875
2.375000 7.546875 6.140625 11.781250 8.515625
0.312500 8.000000 11.421875 30.843750 11.75
1.593750 7.687500 16.703125 31.203125 18.296875
2.937500 8.000000 11.171875 30.843750 18.296875
1.562500 8.000000 16.578125 31.171875 18.296875
1.468750 7.687500 16.421875 31.171875 18.296875
0.671875 8.000000 17.656250 30.968750 18.296875
2.078125 7.687500 16.453125 30.843750 18.296875
1.828125 7.687500 16.734375 31.171875 18.296875
1.468750 8.000000 16.671875 30.843750 18.296875
1.625000 7.687500 16.640625 31.171875 18.296875
1.656250 7.687500 16.578125 31.171875 18.296875
2.375000 7.546875 6.140625 25.562500 8.515625
0.984375 3.875000 6.078125 25.562500 8.515625
1.625000 11.781250 16.640625 27.390625 18.296875
1.859375 15.015625 16.390625 23.546875 18.296875
1.625000 11.781250 16.640625 27.390625 18.296875
0.421875 7.546875 12.890625 31.171875 13.734375
1.890625 5.093750 26.875000 30.812500 28.765625
0.000000 8.000000 20.250000 30.937500 20.25
3.140625 8.000000 18.968750 30.843750 20.734375
1.953125 7.687500 19.234375 31.171875 20.1875
3.140625 8.000000 21.375000 30.843750 23.328125
3.140625 8.000000 15.875000 30.843750 17.796875
3.140625 8.000000 15.875000 30.843750 16.515625
1.953125 7.687500 20.953125 31.171875 23.296875
3.140625 8.000000 20.484375 30.843750 23.609375
3.140625 8.000000 5.796875 30.843750 8.921875
-2.500000 1.984375 5.625000 30.843750 8.546875
3.140625 8.000000 19.640625 30.843750 19.640625
3.140625 8.000000 15.875000 30.843750 16.609375
3.140625 8.000000 25.765625 30.843750 28.890625
3.140625 8.000000 20.984375 30.843750 24.125
1.953125 7.687500 22.968750 31.203125 24.921875
3.140625 8.000000 17.625000 30.843750 19.265625
1.953125 2.562500 22.968750 31.203125 24.921875
3.140625 8.000000 19.234375 30.843750 19.78125
1.656250 7.687500 16.031250 31.171875 17.5625
0.281250 8.000000 17.406250 30.843750 17.703125
2.906250 7.687500 20.390625 30.843750 23.296875
0.000000 8.000000 19.046875 30.843750 19.046875
0.421875 8.000000 29.187500 30.843750 29.625
0.125000 8.000000 18.343750 30.843750 18.46875
0.000000 8.000000 17.921875 30.843750 17.921875
1.281250 8.000000 16.984375 30.843750 18.265625
2.593750 2.937500 9.734375 30.843750 10.53125
0.359375 8.000000 11.453125 30.843750 11.75
0.796875 2.937500 7.937500 30.843750 10.53125
0.765625 16.609375 16.546875 31.015625 17.34375
-0.062500 3.078125 14.406250 5.125000 14.34375
6.140625 27.390625 12.281250 32.515625 18.46875
1.468750 7.687500 15.203125 25.406250 17.796875
2.750000 7.687500 17.828125 32.312500 19.609375
1.796875 7.687500 14.171875 25.437500 15.234375
1.796875 7.687500 16.859375 32.312500 19.609375
1.796875 7.687500 16.281250 25.437500 17.953125
0.453125 8.000000 12.218750 32.484375 10.84375
0.609375 0.312500 16.765625 25.437500 17.53125
2.750000 8.000000 17.062500 32.312500 19.640625
2.531250 8.000000 5.593750 31.484375 8.09375
-1.734375 0.312500 5.593750 31.484375 8.09375
2.750000 8.000000 16.453125 32.312500 16.796875
2.750000 8.000000 5.343750 32.312500 8.09375
2.750000 8.000000 27.171875 25.437500 29.765625
2.750000 8.000000 17.062500 25.437500 19.640625
1.796875 7.687500 17.531250 25.437500 19.328125
2.750000 0.312500 17.828125 25.437500 19.609375
1.796875 0.312500 16.859375 25.437500 19.609375
2.750000 8.000000 12.609375 25.437500 13.0625
1.656250 7.687500 13.796875 25.437500 15.265625
0.484375 7.687500 10.625000 29.093750 11.296875
2.562500 7.687500 16.890625 25.125000 19.640625
0.000000 8.000000 16.031250 25.125000 16.03125
0.359375 8.000000 24.546875 25.125000 24.890625
0.609375 8.000000 16.125000 25.125000 16.765625
0.031250 0.312500 16.093750 25.125000 16.125
1.281250 8.000000 13.703125 25.125000 14.96875
0.953125 2.937500 11.015625 30.843750 12.125
7.718750 0.250000 9.921875 32.312500 17.625
1.125000 2.937500 11.171875 30.843750 12.125
1.625000 17.250000 16.640625 21.312500 18.296875
3.015625 8.000000 16.156250 30.843750 19.203125
